$results_rho
   type  rho  FWER     power
1   GNZ 0.00 0.033 0.2493333
2   GNZ 0.05 0.027 0.2606667
3   GNZ 0.10 0.024 0.2560000
4   GNZ 0.15 0.029 0.2766667
5   GNZ 0.20 0.032 0.2580000
6   GNZ 0.25 0.015 0.2550000
7   GNZ 0.30 0.028 0.2616667
8   GNZ 0.35 0.026 0.2606667
9   GNZ 0.40 0.029 0.2843333
10  GNZ 0.45 0.025 0.2606667
11  GNZ 0.50 0.026 0.2686667
12  GNZ 0.55 0.023 0.2600000
13  GNZ 0.60 0.026 0.2543333
14  GNZ 0.65 0.021 0.2663333
15  GNZ 0.70 0.020 0.2596667
16  GNZ 0.75 0.024 0.2573333
17  GNZ 0.80 0.020 0.2680000
18  GNZ 0.85 0.018 0.2910000
19  GNZ 0.90 0.025 0.3046667
20  GNZ 0.95 0.024 0.3260000
21   MC 0.00 0.033 0.2503333
22   MC 0.05 0.027 0.2606667
23   MC 0.10 0.025 0.2563333
24   MC 0.15 0.029 0.2766667
25   MC 0.20 0.032 0.2603333
26   MC 0.25 0.015 0.2570000
27   MC 0.30 0.028 0.2636667
28   MC 0.35 0.028 0.2656667
29   MC 0.40 0.030 0.2896667
30   MC 0.45 0.025 0.2646667
31   MC 0.50 0.028 0.2750000
32   MC 0.55 0.024 0.2643333
33   MC 0.60 0.029 0.2616667
34   MC 0.65 0.023 0.2800000
35   MC 0.70 0.023 0.2733333
36   MC 0.75 0.027 0.2776667
37   MC 0.80 0.021 0.2813333
38   MC 0.85 0.018 0.3043333
39   MC 0.90 0.025 0.3070000
40   MC 0.95 0.024 0.3183333
41 Bonf 0.00 0.033 0.2493333
42 Bonf 0.05 0.027 0.2606667
43 Bonf 0.10 0.024 0.2560000
44 Bonf 0.15 0.029 0.2766667
45 Bonf 0.20 0.032 0.2580000
46 Bonf 0.25 0.015 0.2550000
47 Bonf 0.30 0.028 0.2613333
48 Bonf 0.35 0.026 0.2606667
49 Bonf 0.40 0.029 0.2843333
50 Bonf 0.45 0.025 0.2606667
51 Bonf 0.50 0.025 0.2686667
52 Bonf 0.55 0.022 0.2593333
53 Bonf 0.60 0.026 0.2523333
54 Bonf 0.65 0.021 0.2633333
55 Bonf 0.70 0.020 0.2556667
56 Bonf 0.75 0.022 0.2530000
57 Bonf 0.80 0.017 0.2560000
58 Bonf 0.85 0.015 0.2666667
59 Bonf 0.90 0.019 0.2656667
60 Bonf 0.95 0.014 0.2620000

$results_B
   type    B       FWER     power
1   GNZ   10 0.02765487 0.2474189
2   GNZ   20 0.01905717 0.2574390
3   GNZ   30 0.02200000 0.2740000
4   GNZ   40 0.02300000 0.2773333
5   GNZ   50 0.02500000 0.2476667
6   GNZ   60 0.01300000 0.2573333
7   GNZ   70 0.02500000 0.2600000
8   GNZ   80 0.02500000 0.2640000
9   GNZ   90 0.02400000 0.2863333
10  GNZ  100 0.02400000 0.2586667
11  GNZ  200 0.02600000 0.2686667
12  GNZ  300 0.02200000 0.2580000
13  GNZ  400 0.03000000 0.2543333
14  GNZ  500 0.01900000 0.2650000
15  GNZ  600 0.02100000 0.2586667
16  GNZ  700 0.02900000 0.2526667
17  GNZ  800 0.02100000 0.2553333
18  GNZ  900 0.01800000 0.2670000
19  GNZ 1000 0.03300000 0.2590000
20   MC   10 0.02700000 0.2476667
21   MC   20 0.01900000 0.2573333
22   MC   30 0.02200000 0.2740000
23   MC   40 0.02300000 0.2773333
24   MC   50 0.02500000 0.2503333
25   MC   60 0.01400000 0.2586667
26   MC   70 0.02600000 0.2646667
27   MC   80 0.02500000 0.2713333
28   MC   90 0.02600000 0.2913333
29   MC  100 0.02500000 0.2653333
30   MC  200 0.02900000 0.2806667
31   MC  300 0.02400000 0.2710000
32   MC  400 0.03200000 0.2656667
33   MC  500 0.02200000 0.2810000
34   MC  600 0.02500000 0.2740000
35   MC  700 0.03400000 0.2686667
36   MC  800 0.02600000 0.2696667
37   MC  900 0.02300000 0.2806667
38   MC 1000 0.03900000 0.2756667
39 Bonf   10 0.02700000 0.2476667
40 Bonf   20 0.01900000 0.2573333
41 Bonf   30 0.02200000 0.2740000
42 Bonf   40 0.02300000 0.2773333
43 Bonf   50 0.02500000 0.2473333
44 Bonf   60 0.01300000 0.2573333
45 Bonf   70 0.02500000 0.2593333
46 Bonf   80 0.02500000 0.2640000
47 Bonf   90 0.02400000 0.2860000
48 Bonf  100 0.02400000 0.2580000
49 Bonf  200 0.02500000 0.2686667
50 Bonf  300 0.02200000 0.2570000
51 Bonf  400 0.03000000 0.2536667
52 Bonf  500 0.01900000 0.2643333
53 Bonf  600 0.02100000 0.2580000
54 Bonf  700 0.02900000 0.2516667
55 Bonf  800 0.02100000 0.2543333
56 Bonf  900 0.01800000 0.2653333
57 Bonf 1000 0.03300000 0.2570000

$results_n
   type    n  FWER      power
1   GNZ   10 0.023 0.01766667
2   GNZ   20 0.025 0.03566667
3   GNZ   30 0.022 0.06500000
4   GNZ   40 0.025 0.08866667
5   GNZ   50 0.026 0.10600000
6   GNZ   60 0.017 0.13100000
7   GNZ   70 0.030 0.17866667
8   GNZ   80 0.033 0.20533333
9   GNZ   90 0.027 0.24700000
10  GNZ  100 0.024 0.25866667
11  GNZ  200 0.030 0.57066667
12  GNZ  300 0.029 0.79933333
13  GNZ  400 0.029 0.91233333
14  GNZ  500 0.015 0.96866667
15  GNZ  600 0.018 0.98866667
16  GNZ  700 0.026 0.99766667
17  GNZ  800 0.018 0.99900000
18  GNZ  900 0.020 0.99833333
19  GNZ 1000 0.027 0.99966667
20   MC   10 0.026 0.01933333
21   MC   20 0.027 0.03866667
22   MC   30 0.022 0.06800000
23   MC   40 0.027 0.09233333
24   MC   50 0.028 0.11066667
25   MC   60 0.018 0.13466667
26   MC   70 0.030 0.18366667
27   MC   80 0.033 0.21133333
28   MC   90 0.031 0.25166667
29   MC  100 0.025 0.26533333
30   MC  200 0.030 0.57566667
31   MC  300 0.029 0.80466667
32   MC  400 0.029 0.91433333
33   MC  500 0.015 0.96966667
34   MC  600 0.019 0.98900000
35   MC  700 0.029 0.99800000
36   MC  800 0.021 0.99900000
37   MC  900 0.021 0.99833333
38   MC 1000 0.028 0.99966667
39 Bonf   10 0.022 0.01733333
40 Bonf   20 0.025 0.03533333
41 Bonf   30 0.022 0.06433333
42 Bonf   40 0.025 0.08833333
43 Bonf   50 0.026 0.10566667
44 Bonf   60 0.016 0.13066667
45 Bonf   70 0.030 0.17833333
46 Bonf   80 0.033 0.20500000
47 Bonf   90 0.027 0.24700000
48 Bonf  100 0.024 0.25800000
49 Bonf  200 0.030 0.56966667
50 Bonf  300 0.029 0.79933333
51 Bonf  400 0.029 0.91233333
52 Bonf  500 0.015 0.96866667
53 Bonf  600 0.018 0.98866667
54 Bonf  700 0.026 0.99766667
55 Bonf  800 0.018 0.99900000
56 Bonf  900 0.020 0.99833333
57 Bonf 1000 0.027 0.99966667

$results_m
   type    m        FWER       power
1   GNZ    2 0.023000000 0.422000000
2   GNZ    3 0.026000000 0.324000000
3   GNZ    4 0.027000000 0.317000000
4   GNZ    5 0.019000000 0.292000000
5   GNZ    6 0.025000000 0.247666667
6   GNZ    7 0.023000000 0.236666667
7   GNZ    8 0.020000000 0.218250000
8   GNZ    9 0.014000000 0.219000000
9   GNZ   10 0.019000000 0.238200000
10  GNZ   20 0.022155086 0.152870091
11  GNZ   30 0.021834061 0.119359534
12  GNZ   40 0.021992238 0.107373868
13  GNZ   50 0.010606061 0.095696970
14  GNZ   60 0.008944544 0.090459153
15  GNZ   70 0.019693654 0.099531103
16  GNZ   80 0.020408163 0.074043367
17  GNZ   90 0.011764706 0.068235294
18  GNZ  100 0.024647887 0.069295775
19  GNZ  200 0.017857143 0.048035714
20  GNZ  300 0.019607843 0.038692810
21  GNZ  400 0.000000000 0.039642857
22  GNZ  500 0.000000000 0.034956522
23  GNZ  600 0.066666667 0.048444444
24  GNZ  700 0.000000000 0.003095238
25  GNZ  800 0.142857143 0.039642857
26  GNZ  900 0.000000000 0.015185185
27  GNZ 1000 0.000000000 0.003500000
28   MC    2 0.023000000 0.422000000
29   MC    3 0.026000000 0.330000000
30   MC    4 0.027000000 0.323500000
31   MC    5 0.021000000 0.299666667
32   MC    6 0.025000000 0.257000000
33   MC    7 0.024000000 0.240666667
34   MC    8 0.021000000 0.224750000
35   MC    9 0.014000000 0.223600000
36   MC   10 0.021000000 0.244400000
37   MC   20 0.023000000 0.155400000
38   MC   30 0.021000000 0.121866667
39   MC   40 0.018000000 0.108000000
40   MC   50 0.012000000 0.098600000
41   MC   60 0.014000000 0.093233333
42   MC   70 0.021000000 0.088285714
43   MC   80 0.017000000 0.082675000
44   MC   90 0.020000000 0.070600000
45   MC  100 0.015000000 0.070020000
46   MC  200 0.015000000 0.048220000
47   MC  300 0.012000000 0.038400000
48   MC  400 0.012000000 0.031705000
49   MC  500 0.017000000 0.031252000
50   MC  600 0.008000000 0.023950000
51   MC  700 0.020000000 0.029865714
52   MC  800 0.016000000 0.024555000
53   MC  900 0.010000000 0.022744444
54   MC 1000 0.024000000 0.020922000
55 Bonf    2 0.021000000 0.413000000
56 Bonf    3 0.026000000 0.320000000
57 Bonf    4 0.026000000 0.315500000
58 Bonf    5 0.019000000 0.292000000
59 Bonf    6 0.025000000 0.247333333
60 Bonf    7 0.023000000 0.236666667
61 Bonf    8 0.020000000 0.218250000
62 Bonf    9 0.014000000 0.219000000
63 Bonf   10 0.019000000 0.237800000
64 Bonf   20 0.022000000 0.152300000
65 Bonf   30 0.020000000 0.119333333
66 Bonf   40 0.018000000 0.105250000
67 Bonf   50 0.011000000 0.096280000
68 Bonf   60 0.014000000 0.090566667
69 Bonf   70 0.021000000 0.085714286
70 Bonf   80 0.017000000 0.080175000
71 Bonf   90 0.019000000 0.068488889
72 Bonf  100 0.015000000 0.068200000
73 Bonf  200 0.012000000 0.046570000
74 Bonf  300 0.012000000 0.037353333
75 Bonf  400 0.012000000 0.030740000
76 Bonf  500 0.017000000 0.030240000
77 Bonf  600 0.007000000 0.023136667
78 Bonf  700 0.019000000 0.029111429
79 Bonf  800 0.016000000 0.023765000
80 Bonf  900 0.010000000 0.022008889
81 Bonf 1000 0.023000000 0.020202000

$results_pi0
   type       pi0  FWER   power
1   GNZ 0.1666667 0.013 0.25420
2   GNZ 0.3333333 0.012 0.25550
3   GNZ 0.5000000 0.022 0.27400
4   GNZ 0.6666667 0.034 0.27000
5   GNZ 0.8333333 0.034 0.24200
6    MC 0.1666667 0.014 0.26040
7    MC 0.3333333 0.013 0.26025
8    MC 0.5000000 0.024 0.27800
9    MC 0.6666667 0.034 0.27450
10   MC 0.8333333 0.034 0.25000
11 Bonf 0.1666667 0.013 0.25380
12 Bonf 0.3333333 0.012 0.25550
13 Bonf 0.5000000 0.022 0.27400
14 Bonf 0.6666667 0.034 0.27000
15 Bonf 0.8333333 0.034 0.24100

$results_effect
   type effect  FWER      power
1   GNZ    0.1 0.028 0.04966667
2   GNZ    0.2 0.019 0.25733333
3   GNZ    0.3 0.022 0.63100000
4   GNZ    0.4 0.023 0.92533333
5    MC    0.1 0.030 0.05133333
6    MC    0.2 0.020 0.26300000
7    MC    0.3 0.024 0.63700000
8    MC    0.4 0.023 0.92833333
9  Bonf    0.1 0.027 0.04966667
10 Bonf    0.2 0.019 0.25733333
11 Bonf    0.3 0.022 0.63066667
12 Bonf    0.4 0.023 0.92533333

