$results_tau
   type  tau    FWER     power
1   GNZ 0.00 0.01100 0.2653333
2   GNZ 0.05 0.01000 0.2573333
3   GNZ 0.10 0.00700 0.2660000
4   GNZ 0.15 0.01300 0.2816667
5   GNZ 0.20 0.00500 0.2656667
6   GNZ 0.25 0.00800 0.2600000
7   GNZ 0.30 0.01100 0.2816667
8   GNZ 0.35 0.01300 0.2953333
9   GNZ 0.40 0.01400 0.2936667
10  GNZ 0.45 0.01200 0.3086667
11  GNZ 0.50 0.01700 0.3113333
12  GNZ 0.55 0.01100 0.3433333
13  GNZ 0.60 0.02300 0.3566667
14  GNZ 0.65 0.01400 0.3743333
15  GNZ 0.70 0.01400 0.3830000
16  GNZ 0.75 0.02200 0.3796667
17  GNZ 0.80 0.01300 0.4106667
18  GNZ 0.85 0.01400 0.4153333
19  GNZ 0.90 0.01625 0.4120833
20  GNZ 0.95     NaN       NaN
21   MC 0.00 0.01100 0.2666667
22   MC 0.05 0.01200 0.2583333
23   MC 0.10 0.00800 0.2703333
24   MC 0.15 0.01300 0.2900000
25   MC 0.20 0.00600 0.2740000
26   MC 0.25 0.00900 0.2640000
27   MC 0.30 0.01000 0.2850000
28   MC 0.35 0.01000 0.2990000
29   MC 0.40 0.01200 0.2990000
30   MC 0.45 0.00900 0.3123333
31   MC 0.50 0.01700 0.3086667
32   MC 0.55 0.01100 0.3363333
33   MC 0.60 0.01900 0.3406667
34   MC 0.65 0.01100 0.3540000
35   MC 0.70 0.01300 0.3583333
36   MC 0.75 0.01400 0.3440000
37   MC 0.80 0.01100 0.3603333
38   MC 0.85 0.00900 0.3680000
39   MC 0.90 0.01250 0.3500000
40   MC 0.95     NaN       NaN
41  phi 0.00 0.01300 0.2880000
42  phi 0.05 0.01400 0.2860000
43  phi 0.10 0.01100 0.3026667
44  phi 0.15 0.01600 0.3186667
45  phi 0.20 0.00800 0.3216667
46  phi 0.25 0.01200 0.3090000
47  phi 0.30 0.01800 0.3316667
48  phi 0.35 0.01800 0.3520000
49  phi 0.40 0.02200 0.3583333
50  phi 0.45 0.01800 0.3760000
51  phi 0.50 0.02000 0.3840000
52  phi 0.55 0.02000 0.4173333
53  phi 0.60 0.03000 0.4223333
54  phi 0.65 0.02200 0.4306667
55  phi 0.70 0.02400 0.4343333
56  phi 0.75 0.02600 0.4313333
57  phi 0.80 0.01800 0.4693333
58  phi 0.85 0.01800 0.4576667
59  phi 0.90 0.02000 0.4816667
60  phi 0.95     NaN       NaN
61 Bonf 0.00 0.01100 0.2653333
62 Bonf 0.05 0.01000 0.2546667
63 Bonf 0.10 0.00700 0.2596667
64 Bonf 0.15 0.01300 0.2733333
65 Bonf 0.20 0.00500 0.2543333
66 Bonf 0.25 0.00800 0.2436667
67 Bonf 0.30 0.00900 0.2586667
68 Bonf 0.35 0.00900 0.2613333
69 Bonf 0.40 0.00800 0.2556667
70 Bonf 0.45 0.00800 0.2673333
71 Bonf 0.50 0.01200 0.2546667
72 Bonf 0.55 0.00600 0.2703333
73 Bonf 0.60 0.01000 0.2753333
74 Bonf 0.65 0.00600 0.2723333
75 Bonf 0.70 0.00500 0.2763333
76 Bonf 0.75 0.00600 0.2550000
77 Bonf 0.80 0.00400 0.2483333
78 Bonf 0.85 0.00400 0.2660000
79 Bonf 0.90 0.00625 0.2433333
80 Bonf 0.95     NaN       NaN

$results_B
   type    B  FWER     power
1   GNZ   10 0.007 0.2646667
2   GNZ   20 0.009 0.2733333
3   GNZ   30 0.008 0.2566667
4   GNZ   40 0.010 0.2716667
5   GNZ   50 0.004 0.2813333
6   GNZ   60 0.013 0.2693333
7   GNZ   70 0.011 0.2883333
8   GNZ   80 0.010 0.3166667
9   GNZ   90 0.015 0.3196667
10  GNZ  100 0.013 0.3193333
11  GNZ  200 0.021 0.3426667
12  GNZ  300 0.017 0.3700000
13  GNZ  400 0.026 0.3756667
14  GNZ  500 0.015 0.3820000
15  GNZ  600 0.013 0.3710000
16  GNZ  700 0.016 0.3566667
17  GNZ  800 0.012 0.3710000
18  GNZ  900 0.012 0.3673333
19  GNZ 1000 0.020 0.3740000
20   MC   10 0.007 0.2646667
21   MC   20 0.009 0.2733333
22   MC   30 0.008 0.2566667
23   MC   40 0.010 0.2703333
24   MC   50 0.003 0.2736667
25   MC   60 0.010 0.2626667
26   MC   70 0.009 0.2786667
27   MC   80 0.011 0.3056667
28   MC   90 0.013 0.3090000
29   MC  100 0.008 0.3190000
30   MC  200 0.021 0.3460000
31   MC  300 0.018 0.3740000
32   MC  400 0.026 0.3776667
33   MC  500 0.014 0.3810000
34   MC  600 0.014 0.3713333
35   MC  700 0.017 0.3556667
36   MC  800 0.012 0.3680000
37   MC  900 0.012 0.3656667
38   MC 1000 0.019 0.3743333
39  phi   10 0.017 0.3806667
40  phi   20 0.024 0.3983333
41  phi   30 0.018 0.3793333
42  phi   40 0.017 0.3786667
43  phi   50 0.012 0.3903333
44  phi   60 0.019 0.3696667
45  phi   70 0.022 0.3746667
46  phi   80 0.018 0.3870000
47  phi   90 0.022 0.3806667
48  phi  100 0.019 0.3886667
49  phi  200 0.020 0.3840000
50  phi  300 0.020 0.4033333
51  phi  400 0.027 0.3953333
52  phi  500 0.016 0.3956667
53  phi  600 0.018 0.3853333
54  phi  700 0.018 0.3710000
55  phi  800 0.013 0.3776667
56  phi  900 0.013 0.3786667
57  phi 1000 0.021 0.3873333
58 Bonf   10 0.007 0.2646667
59 Bonf   20 0.009 0.2733333
60 Bonf   30 0.008 0.2566667
61 Bonf   40 0.010 0.2700000
62 Bonf   50 0.003 0.2603333
63 Bonf   60 0.009 0.2420000
64 Bonf   70 0.006 0.2530000
65 Bonf   80 0.007 0.2640000
66 Bonf   90 0.009 0.2606667
67 Bonf  100 0.008 0.2673333
68 Bonf  200 0.012 0.2546667
69 Bonf  300 0.006 0.2726667
70 Bonf  400 0.011 0.2753333
71 Bonf  500 0.008 0.2726667
72 Bonf  600 0.007 0.2693333
73 Bonf  700 0.007 0.2583333
74 Bonf  800 0.007 0.2553333
75 Bonf  900 0.008 0.2516667
76 Bonf 1000 0.005 0.2600000

$results_n
   type    n  FWER      power
1   GNZ   10 0.013 0.03400000
2   GNZ   20 0.015 0.06333333
3   GNZ   30 0.013 0.07833333
4   GNZ   40 0.011 0.11300000
5   GNZ   50 0.005 0.14000000
6   GNZ   60 0.015 0.16233333
7   GNZ   70 0.013 0.20733333
8   GNZ   80 0.013 0.25566667
9   GNZ   90 0.013 0.28433333
10  GNZ  100 0.013 0.31933333
11  GNZ  200 0.017 0.62100000
12  GNZ  300 0.010 0.83800000
13  GNZ  400 0.018 0.93366667
14  GNZ  500 0.012 0.96600000
15  GNZ  600 0.009 0.99366667
16  GNZ  700 0.013 0.99733333
17  GNZ  800 0.013 0.99933333
18  GNZ  900 0.011 0.99966667
19  GNZ 1000 0.014 1.00000000
20   MC   10 0.013 0.03266667
21   MC   20 0.015 0.06266667
22   MC   30 0.012 0.07333333
23   MC   40 0.011 0.10900000
24   MC   50 0.007 0.13433333
25   MC   60 0.015 0.15933333
26   MC   70 0.013 0.20766667
27   MC   80 0.012 0.25100000
28   MC   90 0.013 0.27700000
29   MC  100 0.008 0.31900000
30   MC  200 0.017 0.62233333
31   MC  300 0.011 0.83566667
32   MC  400 0.020 0.93300000
33   MC  500 0.009 0.96366667
34   MC  600 0.008 0.99466667
35   MC  700 0.012 0.99733333
36   MC  800 0.012 0.99866667
37   MC  900 0.010 0.99966667
38   MC 1000 0.010 1.00000000
39  phi   10 0.017 0.05000000
40  phi   20 0.024 0.08966667
41  phi   30 0.018 0.10100000
42  phi   40 0.017 0.15800000
43  phi   50 0.012 0.18333333
44  phi   60 0.019 0.20433333
45  phi   70 0.022 0.25900000
46  phi   80 0.018 0.30833333
47  phi   90 0.022 0.34633333
48  phi  100 0.019 0.38866667
49  phi  200 0.020 0.69433333
50  phi  300 0.020 0.88366667
51  phi  400 0.027 0.95466667
52  phi  500 0.016 0.97666667
53  phi  600 0.018 0.99733333
54  phi  700 0.018 0.99900000
55  phi  800 0.013 0.99933333
56  phi  900 0.013 1.00000000
57  phi 1000 0.021 1.00000000
58 Bonf   10 0.007 0.02133333
59 Bonf   20 0.009 0.04300000
60 Bonf   30 0.008 0.05566667
61 Bonf   40 0.010 0.08300000
62 Bonf   50 0.003 0.08966667
63 Bonf   60 0.009 0.12500000
64 Bonf   70 0.006 0.16833333
65 Bonf   80 0.007 0.20400000
66 Bonf   90 0.009 0.22700000
67 Bonf  100 0.008 0.26733333
68 Bonf  200 0.012 0.56700000
69 Bonf  300 0.006 0.79666667
70 Bonf  400 0.011 0.91766667
71 Bonf  500 0.008 0.95700000
72 Bonf  600 0.007 0.99266667
73 Bonf  700 0.007 0.99600000
74 Bonf  800 0.007 0.99833333
75 Bonf  900 0.008 0.99966667
76 Bonf 1000 0.005 1.00000000

$results_m
    type    m  FWER      power
1    GNZ    2 0.014 0.45900000
2    GNZ    3 0.022 0.42100000
3    GNZ    4 0.018 0.36550000
4    GNZ    5 0.013 0.34700000
5    GNZ    6 0.005 0.32333333
6    GNZ    7 0.016 0.28300000
7    GNZ    8 0.010 0.27375000
8    GNZ    9 0.010 0.27550000
9    GNZ   10 0.009 0.25900000
10   GNZ   20 0.008 0.18970000
11   GNZ   30 0.009 0.15013333
12   GNZ   40 0.005 0.14825000
13   GNZ   50 0.006 0.13132000
14   GNZ   60 0.004 0.11380000
15   GNZ   70 0.002 0.10700000
16   GNZ   80 0.004 0.10250000
17   GNZ   90 0.001 0.08551111
18   GNZ  100 0.005 0.07884000
19   GNZ  200 0.001 0.06195000
20   GNZ  300 0.005 0.05070000
21   GNZ  400 0.001 0.03863500
22   GNZ  500 0.002 0.03299200
23   GNZ  600 0.003 0.03046333
24   GNZ  700 0.003 0.02992286
25   GNZ  800 0.002 0.02561250
26   GNZ  900 0.001 0.02754444
27   GNZ 1000 0.003 0.02829200
28    MC    2 0.014 0.45900000
29    MC    3 0.023 0.42300000
30    MC    4 0.016 0.36350000
31    MC    5 0.012 0.34700000
32    MC    6 0.007 0.32066667
33    MC    7 0.014 0.28200000
34    MC    8 0.008 0.26600000
35    MC    9 0.009 0.27275000
36    MC   10 0.010 0.25020000
37    MC   20 0.006 0.18970000
38    MC   30 0.009 0.15173333
39    MC   40 0.005 0.14555000
40    MC   50 0.002 0.13192000
41    MC   60 0.002 0.11833333
42    MC   70 0.002 0.11002857
43    MC   80 0.001 0.10345000
44    MC   90 0.000 0.08813333
45    MC  100 0.003 0.07580000
46    MC  200 0.000 0.06463000
47    MC  300 0.004 0.04850000
48    MC  400 0.000 0.03460500
49    MC  500 0.002 0.03242000
50    MC  600 0.002 0.03305000
51    MC  700 0.001 0.03044571
52    MC  800 0.000 0.02732500
53    MC  900 0.000 0.02635556
54    MC 1000 0.002 0.02949800
55   phi    2 0.016 0.47700000
56   phi    3 0.028 0.45700000
57   phi    4 0.017 0.41800000
58   phi    5 0.018 0.40350000
59   phi    6 0.012 0.39033333
60   phi    7 0.021 0.35733333
61   phi    8 0.020 0.34475000
62   phi    9 0.018 0.36350000
63   phi   10 0.019 0.34180000
64   phi   20 0.017 0.30440000
65   phi   30 0.019 0.28420000
66   phi   40 0.020 0.28295000
67   phi   50 0.020 0.27192000
68   phi   60 0.018 0.25286667
69   phi   70 0.020 0.24794286
70   phi   80 0.023 0.23047500
71   phi   90 0.021 0.21917778
72   phi  100 0.018 0.20962000
73   phi  200 0.022 0.19553000
74   phi  300 0.016 0.16997333
75   phi  400 0.016 0.15550500
76   phi  500 0.013 0.14472400
77   phi  600 0.013 0.14993000
78   phi  700 0.019 0.14533714
79   phi  800 0.019 0.13340250
80   phi  900 0.013 0.13900444
81   phi 1000 0.022 0.13679600
82  Bonf    2 0.013 0.41500000
83  Bonf    3 0.014 0.36300000
84  Bonf    4 0.010 0.30500000
85  Bonf    5 0.010 0.29100000
86  Bonf    6 0.003 0.26033333
87  Bonf    7 0.009 0.22533333
88  Bonf    8 0.005 0.21975000
89  Bonf    9 0.004 0.22400000
90  Bonf   10 0.004 0.20760000
91  Bonf   20 0.005 0.15600000
92  Bonf   30 0.006 0.12386667
93  Bonf   40 0.004 0.11915000
94  Bonf   50 0.001 0.10756000
95  Bonf   60 0.001 0.09556667
96  Bonf   70 0.001 0.08654286
97  Bonf   80 0.001 0.08270000
98  Bonf   90 0.000 0.07097778
99  Bonf  100 0.003 0.06058000
100 Bonf  200 0.000 0.05188000
101 Bonf  300 0.004 0.03941333
102 Bonf  400 0.000 0.02623000
103 Bonf  500 0.001 0.02473600
104 Bonf  600 0.002 0.02595333
105 Bonf  700 0.001 0.02491143
106 Bonf  800 0.000 0.02120000
107 Bonf  900 0.000 0.01952667
108 Bonf 1000 0.000 0.02331200

$results_pi0
   type       pi0  FWER     power
1   GNZ 0.1666667 0.005 0.3214000
2   GNZ 0.3333333 0.011 0.3325000
3   GNZ 0.5000000 0.013 0.3110000
4   GNZ 0.6666667 0.012 0.3245000
5   GNZ 0.8333333 0.009 0.3130000
6    MC 0.1666667 0.005 0.3180000
7    MC 0.3333333 0.012 0.3302500
8    MC 0.5000000 0.012 0.3106667
9    MC 0.6666667 0.011 0.3260000
10   MC 0.8333333 0.009 0.3010000
11  phi 0.1666667 0.011 0.3876000
12  phi 0.3333333 0.021 0.4035000
13  phi 0.5000000 0.018 0.3793333
14  phi 0.6666667 0.018 0.3760000
15  phi 0.8333333 0.016 0.3760000
16 Bonf 0.1666667 0.004 0.2618000
17 Bonf 0.3333333 0.008 0.2755000
18 Bonf 0.5000000 0.008 0.2566667
19 Bonf 0.6666667 0.010 0.2725000
20 Bonf 0.8333333 0.005 0.2390000

$results_effect
   type effect  FWER      power
1   GNZ    0.1 0.013 0.07700000
2   GNZ    0.2 0.015 0.32933333
3   GNZ    0.3 0.013 0.70233333
4   GNZ    0.4 0.011 0.93933333
5    MC    0.1 0.013 0.07200000
6    MC    0.2 0.015 0.32766667
7    MC    0.3 0.011 0.70066667
8    MC    0.4 0.011 0.93633333
9   phi    0.1 0.017 0.09700000
10  phi    0.2 0.024 0.39833333
11  phi    0.3 0.018 0.76266667
12  phi    0.4 0.016 0.96066667
13 Bonf    0.1 0.008 0.05333333
14 Bonf    0.2 0.009 0.27333333
15 Bonf    0.3 0.008 0.63633333
16 Bonf    0.4 0.010 0.91500000

